2.1059405 0.1501739 0.0149879
2.0725917 0.176933 0.0170103
2.2523694 0.2387372 0.0279131
2.308701 0.3073487 0.0121185
2.3158431 0.2163705 0.014177
2.2620592 0.3092997 0.0194449
2.2236541 0.2091625 0.0218331
2.2614676 0.2843503 0.0237954
2.2497269 0.2699458 0.011648
2.2704004 0.2791154 0.0186684
2.3450361 0.2883089 0.0123961
2.3895081 0.2380164 0.0202687
2.2018254 0.2431271 0.0273149
2.325581 0.2641213 0.015389
2.2136509 0.2680393 0.0361817
2.1100669 0.2048699 0.0139748
2.2174355 0.2613575 0.0335045
2.4108552 0.2303428 0.0133497
2.2433632 0.2657417 0.0205717
2.1851556 0.1790985 0.0195937
2.2093623 0.2237211 0.0207616
2.3385598 0.222031 0.0276508
2.2119371 0.2776838 0.0228249
2.2584809 0.192096 0.0153424
2.2121423 0.2360288 0.0066567
2.2271442 0.2250535 0.0186101
2.1191845 0.1947889 0.0158168
2.2396472 0.3039834 0.0377403
2.2040164 0.2632382 0.0276319
2.2918504 0.2190409 0.0055335
2.1240708 0.1754228 0.0064734
2.2927717 0.2552628 0.0377987
2.2022502 0.2158111 0.0090871
2.1283707 0.2379988 0.0132638
2.3025961 0.2636867 0.0170029
2.3552523 0.2789622 0.0299564
2.1058005 0.213151 0.017646
2.1398391 0.271963 0.0136846
2.2161571 0.2994203 0.0324817
2.2770712 0.3734071 0.0398458
