2.1525056 0.1481327 0.010792
1.9083813 0.1401539 0.0063549
2.1447828 0.2206655 0.0132367
2.3174452 0.2719922 0.0150324
2.321514 0.2161726 0.0076937
2.2165837 0.2256453 0.0141
2.09301 0.2016942 0.0208791
2.2012528 0.2683762 0.0294816
2.208262 0.2827486 0.0108745
2.2624525 0.3176412 0.0252879
2.3333615 0.306068 0.0134908
2.3617669 0.1848338 0.0118311
2.2716425 0.2642922 0.0256859
2.2787274 0.2450454 0.0065063
2.1667344 0.2950632 0.0207269
2.1069381 0.2017527 0.0158938
2.1812434 0.2385673 0.0319531
2.384264 0.1623062 0.009602
2.2609044 0.3057907 0.0349275
2.0427015 0.1746751 0.0038032
2.2702086 0.2189838 0.0156926
2.3006249 0.1855165 0.0120077
2.146169 0.2409313 0.0121621
2.2075059 0.2219621 0.0149537
2.106298 0.2034196 0.0030907
2.1587769 0.1977824 0.0037703
2.1237855 0.2276909 0.0098455
2.2463996 0.2536821 0.0228709
2.2377167 0.2193234 0.0072416
2.2953529 0.1938865 0.0084773
2.0101375 0.1510915 0.0063686
2.2034474 0.2431306 0.017162
2.1611658 0.1822058 0.0095744
2.1239126 0.2310685 0.0144632
2.323683 0.2474373 0.0136981
2.3231443 0.2908457 0.0169572
2.0545814 0.1684472 0.0156791
2.1060022 0.2015902 0.0178297
2.1122107 0.2346022 0.0077797
2.1266312 0.2253431 0.0158437
