2.1096952 0.1507957 0.0049665
2.1183439 0.2014231 0.018136
2.2056548 0.1974139 0.0169529
2.3068371 0.2597553 0.0123891
2.3093271 0.2263339 0.0134954
2.2090234 0.27524 0.0264658
2.1887223 0.2355716 0.0132435
2.2290723 0.2798624 0.0370267
2.1819954 0.2325291 0.0069544
2.2628108 0.2776873 0.0224026
2.3032367 0.275818 0.0135031
2.3615385 0.1921938 0.0214121
2.2624648 0.2365121 0.0241419
2.2593682 0.2181131 0.0169857
2.1802121 0.284621 0.0182298
2.0819714 0.1738016 0.0126315
2.1514809 0.2203961 0.0339995
2.336108 0.222851 0.0106875
2.2105955 0.2358397 0.0200243
2.0491155 0.181471 0.0053731
2.2830526 0.2033546 0.019957
2.2375728 0.179246 0.0175646
2.2437749 0.2405126 0.0303111
2.2767414 0.1977513 0.0209426
2.1931697 0.2315526 0.0105827
2.1416202 0.2106184 0.0274328
2.0698929 0.1935189 0.0107182
2.1851618 0.2681848 0.0277629
2.1601717 0.2383233 0.0266816
2.3368568 0.2409094 0.0173452
2.1299106 0.1586601 0.0042779
2.1913892 0.2750361 0.0227721
2.2245327 0.2420587 0.0150893
2.1831612 0.2127655 0.0075384
2.3473652 0.2289516 0.0107388
2.3520982 0.3067359 0.0202408
2.2003769 0.2270706 0.0213915
2.1691327 0.2168135 0.0159773
2.1530701 0.2457121 0.0218154
2.2912012 0.3626805 0.0368778
