1AHO 7 22 26 31 45 46 48
1F94 3 17 24 37 39 53 62
1I27 454 459 463 473 477 482 514
1L9L 10 11 14 26 29 45 69
1LNI 15 26 44 57 70 71 73
1OAI 574 578 580 585 589 599 616
1OK0 12 21 23 25 33 35 48
1PSR 26 31 34 35 69 74 77
1R6J 201 218 227 232 238 241 246
1T8K 7 11 42 46 54 65 68
1U07 167 176 178 180 182 188 202
1U2H 20 41 80 83 93 95 110
1UCS 4 17 22 31 40 45 60
1USM 24 31 51 53 55 67 70
1VBW 20 24 31 33 51 53 61
1VFY 176 192 196 198 200 204 221
1WXC 54 56 74 76 81 108 111
1Y6X 17 30 41 55 74 76 77
1ZZK 20 45 61 63 73 77 81
2B97 12 14 23 26 39 43 53
2CC6 10 19 27 56 58 60 61
2COV 396 398 413 421 442 446 463
2DSX 6 13 15 18 33 39 49
2FHZ 42 66 74 77 83 86 87
2FMA 150 154 158 181 182 184 186
2GOM 114 118 121 133 137 140 155
2HBA 3 5 21 26 30 36 39
2HIN 3 6 16 20 27 36 44
2HS1 31 33 66 75 85 86 89
2IC6 11 25 28 44 51 58 61
2J8B 3 25 26 27 29 50 70
2P5K 10 13 25 29 41 44 50
2R2Z 19 46 67 69 71 79 84
2WJ5 36 38 40 62 66 83 85
3DNJ 43 59 60 71 86 94 101
3G21 167 168 171 175 193 197 222
3G36 60 64 68 77 87 91 95
3HFO 24 26 33 38 46 47 48
3I2Z 8 11 18 20 22 50 63
3JTZ 8 26 28 30 38 56 64

